0
0
0
0
0
0
1
1
1
1
1
2
2
2
2
2
2
3
3
3
3
3
4
4
4
4
4
4
5
5
5
5
5
6
6
6
6
6
7
7
7
7
7
7
8
8
8
8
8
9
9
9
9
9
9
10
10
10
10
10
11
11
11
11
11
12
12
12
12
12
13
13
13
13
13
14
14
14
14
15
15
15
15
15
16
16
16
16
17
17
17
17
17
18
18
18
18
19
19
19
19
20
20
20
20
21
21
21
21
22
22
22
22
23
23
23
24
24
24
24
25
25
25
26
26
26
27
27
27
28
28
29
29
29
30
30
30
31
31
32
32
32
33
33
34
34
35
35
36
36
36
37
37
38
38
39
39
40
41
41
42
42
43
43
44
44
45
46
46
47
47
48
49
49
50
50
51
52
52
53
54
54
55
56
56
57
58
58
59
60
61
61
62
63
63
64
65
66
66
67
68
69
69
70
71
72
73
73
74
75
76
77
78
78
79
80
81
82
83
84
85
85
86
87
88
89
90
91
92
93
94
95
96
97
98
99
100
101
102
103
104
105
106
107
108
109
110
111
112
113
114
115
116
117
118
119
120
121
122
123
124
126
127
128
129
130
131
132
134
135
136
137
138
140
141
142
143
145
146
147
148
150
151
153
154
155
157
158
160
161
163
164
166
168
169
171
173
175
176
178
180
182
184
186
188
189
191
193
195
197
198
200
202
204
205
207
209
210
212
214
215
217
219
220
222
223
225
227
228
230
231
233
234
236
237
239
240
241
243
244
246
247
249
250
251
253
254
255
256
258
259
260
261
262
263
265
266
267
268
269
270
271
272
273
274
275
276
277
278
279
280
281
282
282
283
284
285
286
287
287
288
289
290
290
291
292
293
293
294
295
296
296
297
298
298
299
300
300
301
301
302
303
303
304
305
305
306
307
308
308
309
310
310
311
312
312
313
314
315
315
316
317
318
318
319
320
321
322
322
323
324
325
326
326
327
328
329
330
331
331
332
333
334
335
336
337
338
338
339
340
341
342
343
344
345
346
347
348
349
350
351
352
353
355
356
357
358
359
360
362
363
364
365
367
368
369
371
372
374
375
376
378
379
381
383
384
386
387
389
391
392
394
396
398
400
402
404
406
408
410
412
414
416
418
420
422
424
426
428
430
432
434
436
438
440
442
444
446
448
449
451
453
455
457
458
460
461
463
465
466
468
469
470
472
473
474
476
477
478
479
480
482
483
484
485
486
487
488
489
490
491
492
493
494
494
495
496
497
498
499
499
500
501
502
503
504
504
505
506
507
508
509
510
511
511
512
513
514
515
516
517
518
519
520
521
522
523
524
525
526
527
528
529
530
531
532
533
534
535
536
537
538
539
540
542
543
544
545
547
548
549
551
552
554
555
557
558
560
562
563
565
567
569
571
573
575
577
579
581
583
585
588
590
593
596
599
602
604
607
610
613
616
619
622
625
628
631
634
637
639
642
645
648
651
654
657
660
663
666
669
672
675
678
681
684
686
689
692
695
698
701
704
706
709
711
713
715
718
719
721
723
725
727
728
730
731
733
734
736
737
738
740
741
742
743
745
746
747
748
749
750
751
752
753
754
755
756
757
758
758
759
760
761
762
762
763
764
765
765
766
767
767
768
768
769
770
770
771
771
772
773
773
774
774
775
775
776
776
776
777
777
778
778
779
779
779
780
780
780
781
781
782
782
782
783
783
783
784
784
784
785
785
785
786
786
786
787
787
788
788
788
789
789
789
790
790
790
791
791
791
792
792
792
793
793
794
794
794
795
795
795
796
796
796
797
797
797
798
798
799
